4.580064556130218552e+05
4.577252754040216096e+05
4.574533439569030306e+05
4.571866326459785341e+05
4.569311818158124224e+05
4.568985883870939724e+05
4.568669327214176883e+05
4.568357994639493991e+05
4.568049944169022492e+05
4.567740984012060217e+05
4.567321480694284546e+05
4.566899348132495070e+05
4.566481305590345873e+05
4.566059913972833892e+05
4.565635830851360806e+05
4.564733898422023631e+05
4.563850201996865217e+05
4.562952593856902677e+05
4.562062880704994895e+05
4.561176681462993729e+05
4.559805797836548882e+05
4.558435989586653886e+05
4.557085700229584472e+05
4.555768473261812469e+05
4.554506734446285991e+05
4.553058574646182824e+05
4.551639942573575536e+05
4.550220805004278664e+05
4.548834855589391664e+05
4.547422505013567279e+05
4.545565923146546702e+05
4.543768353644246818e+05
4.542004193256592844e+05
4.540273129963344545e+05
4.538599066764521413e+05
4.536022776621304220e+05
4.533510633579902933e+05
4.531078373683806276e+05
4.528772254421716207e+05
4.526540547105673468e+05
4.522296652943310328e+05
4.518247572540024994e+05
4.514361192252064939e+05
4.510454714317371254e+05
4.506591841554406565e+05
4.499888457496030023e+05
4.493139033612548956e+05
4.486577019104012288e+05
4.479979943374533323e+05
4.473417730774676893e+05
4.463024481317209429e+05
4.452633961395473452e+05
4.442398118004236021e+05
4.431510799312107847e+05
4.420263228985423921e+05
4.404030759903000435e+05
4.387328087590942159e+05
4.370274000638678554e+05
4.352476664875688148e+05
4.334568748743328615e+05
4.308617666669571190e+05
4.282289677272737026e+05
4.255674700926338555e+05
4.227914943454177119e+05
4.199833883278633584e+05
4.156745948308270308e+05
4.115508715443696128e+05
4.074781011280766688e+05
4.035987030316811870e+05
3.996516758310385630e+05
3.941874767022645101e+05
3.871737243902652408e+05
3.804289215602739714e+05
3.738013039418188273e+05
3.671844969913439127e+05
3.567974892956069671e+05
3.474859023664723500e+05
3.381200986773267505e+05
3.285448458507996984e+05
3.182636433714044397e+05
3.029710904575209715e+05
2.882238627654238953e+05
2.731589348841126775e+05
2.577382204996299406e+05
2.418326221622304583e+05
2.219989922028383880e+05
2.029154628899474919e+05
1.821613241204974183e+05
1.610911291938121140e+05
1.397130791229566676e+05
1.219877424091978901e+05
1.035275487096404395e+05
8.456256336982740322e+04
6.580667154088945244e+04
4.731672599750374502e+04
4.042426534568025818e+04
3.258030639576724570e+04
2.073444794669839030e+04
8.908137517476121502e+03
2.860665404682723874e+03
1.752283186490897378e+03
