4.370999999999999885e-03
1.098000000000000018e-03
1.098000000000000018e-03
1.098000000000000018e-03
1.098000000000000018e-03
2.000000000000000096e-04
2.000000000000000096e-04
2.000000000000000096e-04
2.000000000000000096e-04
2.000000000000000096e-04
8.000000000000000654e-05
8.000000000000000654e-05
8.000000000000000654e-05
8.000000000000000654e-05
8.000000000000000654e-05
2.059999999999999928e-04
2.059999999999999928e-04
2.059999999999999928e-04
2.059999999999999928e-04
2.059999999999999928e-04
7.899999999999999579e-05
7.899999999999999579e-05
7.899999999999999579e-05
7.899999999999999579e-05
7.899999999999999579e-05
5.599999999999999916e-05
5.599999999999999916e-05
5.599999999999999916e-05
5.599999999999999916e-05
5.599999999999999916e-05
5.599999999999999916e-05
5.599999999999999916e-05
5.599999999999999916e-05
5.599999999999999916e-05
5.599999999999999916e-05
5.599999999999999916e-05
5.599999999999999916e-05
5.599999999999999916e-05
5.599999999999999916e-05
5.599999999999999916e-05
5.599999999999999916e-05
5.599999999999999916e-05
5.599999999999999916e-05
5.599999999999999916e-05
5.599999999999999916e-05
3.040000000000000167e-04
3.040000000000000167e-04
3.040000000000000167e-04
3.040000000000000167e-04
3.040000000000000167e-04
3.040000000000000167e-04
3.040000000000000167e-04
3.040000000000000167e-04
3.040000000000000167e-04
3.040000000000000167e-04
3.040000000000000167e-04
3.040000000000000167e-04
3.040000000000000167e-04
3.040000000000000167e-04
3.040000000000000167e-04
3.040000000000000167e-04
3.040000000000000167e-04
3.040000000000000167e-04
3.040000000000000167e-04
3.040000000000000167e-04
2.102000000000000136e-03
2.102000000000000136e-03
2.102000000000000136e-03
2.102000000000000136e-03
2.102000000000000136e-03
2.102000000000000136e-03
2.102000000000000136e-03
2.102000000000000136e-03
2.102000000000000136e-03
2.102000000000000136e-03
2.102000000000000136e-03
2.102000000000000136e-03
2.102000000000000136e-03
2.102000000000000136e-03
2.102000000000000136e-03
2.102000000000000136e-03
2.102000000000000136e-03
2.102000000000000136e-03
2.102000000000000136e-03
2.102000000000000136e-03
2.102000000000000136e-03
2.102000000000000136e-03
2.102000000000000136e-03
2.102000000000000136e-03
2.102000000000000136e-03
2.102000000000000136e-03
2.102000000000000136e-03
2.102000000000000136e-03
2.102000000000000136e-03
2.102000000000000136e-03
2.102000000000000136e-03
2.102000000000000136e-03
2.102000000000000136e-03
2.102000000000000136e-03
2.102000000000000136e-03
2.102000000000000136e-03
