8.751661799759641314e-03
1.305582664277136345e-03
1.305582664277136345e-03
1.305582664277136345e-03
1.305582664277136345e-03
3.855199852778564741e-05
3.855199852778564741e-05
3.855199852778564741e-05
3.855199852778564741e-05
3.855199852778564741e-05
3.705288675840793806e-05
3.705288675840793806e-05
3.705288675840793806e-05
3.705288675840793806e-05
3.705288675840793806e-05
1.165544523702937502e-05
1.165544523702937502e-05
1.165544523702937502e-05
1.165544523702937502e-05
1.165544523702937502e-05
8.320415678560623480e-06
8.320415678560623480e-06
8.320415678560623480e-06
8.320415678560623480e-06
8.320415678560623480e-06
6.385448015654621889e-06
6.385448015654621889e-06
6.385448015654621889e-06
6.385448015654621889e-06
6.385448015654621889e-06
5.830730442605177117e-06
5.830730442605177117e-06
5.830730442605177117e-06
5.830730442605177117e-06
5.830730442605177117e-06
7.713226457968478680e-06
7.713226457968478680e-06
7.713226457968478680e-06
7.713226457968478680e-06
7.713226457968478680e-06
7.287081349793433627e-06
7.287081349793433627e-06
7.287081349793433627e-06
7.287081349793433627e-06
7.287081349793433627e-06
5.284199341370671988e-06
5.284199341370671988e-06
5.284199341370671988e-06
5.284199341370671988e-06
5.284199341370671988e-06
1.578867625788579220e-05
1.578867625788579220e-05
1.578867625788579220e-05
1.578867625788579220e-05
1.578867625788579220e-05
1.191075577349278930e-05
1.191075577349278930e-05
1.191075577349278930e-05
1.191075577349278930e-05
1.191075577349278930e-05
4.926541839866603659e-06
4.926541839866603659e-06
4.926541839866603659e-06
4.926541839866603659e-06
4.926541839866603659e-06
1.461677721040438760e-05
1.461677721040438760e-05
1.461677721040438760e-05
1.461677721040438760e-05
1.461677721040438760e-05
1.461677721040438760e-05
1.461677721040438760e-05
1.461677721040438760e-05
1.461677721040438760e-05
1.461677721040438760e-05
1.461677721040438760e-05
1.461677721040438760e-05
1.461677721040438760e-05
1.461677721040438760e-05
1.461677721040438760e-05
1.461677721040438760e-05
1.461677721040438760e-05
1.461677721040438760e-05
1.461677721040438760e-05
1.461677721040438760e-05
1.461677721040438760e-05
1.461677721040438760e-05
1.461677721040438760e-05
1.461677721040438760e-05
1.461677721040438760e-05
1.461677721040438760e-05
1.461677721040438760e-05
1.461677721040438760e-05
1.461677721040438760e-05
1.461677721040438760e-05
1.461677721040438760e-05
1.461677721040438760e-05
1.461677721040438760e-05
1.461677721040438760e-05
1.461677721040438760e-05
1.461677721040438760e-05
