9.568305923551091718e-02
3.081035415517374351e-02
3.081035415517374351e-02
3.081035415517374351e-02
3.081035415517374351e-02
4.922691749194302172e-04
4.922691749194302172e-04
4.922691749194302172e-04
4.922691749194302172e-04
4.922691749194302172e-04
2.707597282136054383e-04
2.707597282136054383e-04
2.707597282136054383e-04
2.707597282136054383e-04
2.707597282136054383e-04
3.504380487407089597e-04
3.504380487407089597e-04
3.504380487407089597e-04
3.504380487407089597e-04
3.504380487407089597e-04
1.126367785913994933e-04
1.126367785913994933e-04
1.126367785913994933e-04
1.126367785913994933e-04
1.126367785913994933e-04
8.204825362638176224e-05
8.204825362638176224e-05
8.204825362638176224e-05
8.204825362638176224e-05
8.204825362638176224e-05
5.374090428660453122e-05
5.374090428660453122e-05
5.374090428660453122e-05
5.374090428660453122e-05
5.374090428660453122e-05
6.541337478241721006e-05
6.541337478241721006e-05
6.541337478241721006e-05
6.541337478241721006e-05
6.541337478241721006e-05
5.285760700209019209e-05
5.285760700209019209e-05
5.285760700209019209e-05
5.285760700209019209e-05
5.285760700209019209e-05
5.089980107345218270e-05
5.089980107345218270e-05
5.089980107345218270e-05
5.089980107345218270e-05
5.089980107345218270e-05
1.508179770538586395e-04
1.508179770538586395e-04
1.508179770538586395e-04
1.508179770538586395e-04
1.508179770538586395e-04
7.685559013347849691e-05
7.685559013347849691e-05
7.685559013347849691e-05
7.685559013347849691e-05
7.685559013347849691e-05
2.261449363926648119e-05
2.261449363926648119e-05
2.261449363926648119e-05
2.261449363926648119e-05
2.261449363926648119e-05
8.258211668148957387e-05
8.258211668148957387e-05
8.258211668148957387e-05
8.258211668148957387e-05
8.258211668148957387e-05
8.258211668148957387e-05
8.258211668148957387e-05
8.258211668148957387e-05
8.258211668148957387e-05
8.258211668148957387e-05
8.258211668148957387e-05
8.258211668148957387e-05
8.258211668148957387e-05
8.258211668148957387e-05
8.258211668148957387e-05
8.258211668148957387e-05
8.258211668148957387e-05
8.258211668148957387e-05
8.258211668148957387e-05
8.258211668148957387e-05
8.258211668148957387e-05
8.258211668148957387e-05
8.258211668148957387e-05
8.258211668148957387e-05
8.258211668148957387e-05
8.258211668148957387e-05
8.258211668148957387e-05
8.258211668148957387e-05
8.258211668148957387e-05
8.258211668148957387e-05
8.258211668148957387e-05
8.258211668148957387e-05
8.258211668148957387e-05
8.258211668148957387e-05
8.258211668148957387e-05
8.258211668148957387e-05
