1.307274718773235589e-01
4.705581361881081004e-02
4.705581361881081004e-02
4.705581361881081004e-02
4.705581361881081004e-02
8.596342308294528450e-04
8.596342308294528450e-04
8.596342308294528450e-04
8.596342308294528450e-04
8.596342308294528450e-04
5.339983528657218231e-04
5.339983528657218231e-04
5.339983528657218231e-04
5.339983528657218231e-04
5.339983528657218231e-04
4.704078311924832201e-04
4.704078311924832201e-04
4.704078311924832201e-04
4.704078311924832201e-04
4.704078311924832201e-04
1.247050048690494380e-04
1.247050048690494380e-04
1.247050048690494380e-04
1.247050048690494380e-04
1.247050048690494380e-04
1.172117908948310986e-04
1.172117908948310986e-04
1.172117908948310986e-04
1.172117908948310986e-04
1.172117908948310986e-04
9.980453653226556475e-05
9.980453653226556475e-05
9.980453653226556475e-05
9.980453653226556475e-05
9.980453653226556475e-05
1.253756349996330063e-04
1.253756349996330063e-04
1.253756349996330063e-04
1.253756349996330063e-04
1.253756349996330063e-04
8.649426600342031556e-05
8.649426600342031556e-05
8.649426600342031556e-05
8.649426600342031556e-05
8.649426600342031556e-05
9.755795205745000837e-05
9.755795205745000837e-05
9.755795205745000837e-05
9.755795205745000837e-05
9.755795205745000837e-05
4.113217556014326336e-04
4.113217556014326336e-04
4.113217556014326336e-04
4.113217556014326336e-04
4.113217556014326336e-04
1.866492903241620852e-04
1.866492903241620852e-04
1.866492903241620852e-04
1.866492903241620852e-04
1.866492903241620852e-04
5.879768346209284907e-05
5.879768346209284907e-05
5.879768346209284907e-05
5.879768346209284907e-05
5.879768346209284907e-05
2.216677868818930767e-04
2.216677868818930767e-04
2.216677868818930767e-04
2.216677868818930767e-04
2.216677868818930767e-04
2.216677868818930767e-04
2.216677868818930767e-04
2.216677868818930767e-04
2.216677868818930767e-04
2.216677868818930767e-04
2.216677868818930767e-04
2.216677868818930767e-04
2.216677868818930767e-04
2.216677868818930767e-04
2.216677868818930767e-04
2.216677868818930767e-04
2.216677868818930767e-04
2.216677868818930767e-04
2.216677868818930767e-04
2.216677868818930767e-04
2.216677868818930767e-04
2.216677868818930767e-04
2.216677868818930767e-04
2.216677868818930767e-04
2.216677868818930767e-04
2.216677868818930767e-04
2.216677868818930767e-04
2.216677868818930767e-04
2.216677868818930767e-04
2.216677868818930767e-04
2.216677868818930767e-04
2.216677868818930767e-04
2.216677868818930767e-04
2.216677868818930767e-04
2.216677868818930767e-04
2.216677868818930767e-04
