1.510571275764715149e-03
1.394876527593224506e-03
1.291947056203423530e-03
1.200101970925604097e-03
1.117913072605092187e-03
1.044162687185802791e-03
9.778091682337251844e-04
9.179585675735931274e-04
8.638412862547559679e-04
8.147927620278089646e-04
7.702374404323368735e-04
7.296754266055179971e-04
6.926713332504796840e-04
6.588449339002487018e-04
6.278633050823881605e-04
5.994342003919682447e-04
5.733004470327695288e-04
5.492351935841960050e-04
5.270378685379732610e-04
5.065307340438743398e-04
4.875559394993536698e-04
4.699729960525646797e-04
4.536566065030244875e-04
4.384947960667516281e-04
4.243872984901169289e-04
4.112441594216851713e-04
3.989845250820606365e-04
3.875355893475997430e-04
3.768316765773941507e-04
3.668134410197544746e-04
3.574271665604207343e-04
3.486241530221319274e-04
3.403601772772496840e-04
3.325950191597394786e-04
3.252920436156189581e-04
3.184178317575349013e-04
3.119418545269955377e-04
3.058361835478643300e-04
3.000752345025918945e-04
2.946355389995047110e-04
2.894955414428414275e-04
2.846354178818154019e-04
2.800369142129247100e-04
2.756832014512750778e-04
2.715587460803631573e-04
2.676491937427259759e-04
2.639412647521792855e-04
2.604226600970715750e-04
2.570819767674043053e-04
2.539086313804136182e-04
2.508927912023637265e-04
2.480253117714837632e-04
2.452976804203838338e-04
2.427019650778465011e-04
2.402307678011797812e-04
2.378771825527540272e-04
2.356347567890816521e-04
2.334974564788829768e-04
2.314596342088451298e-04
2.295160000730173057e-04
2.276615950746145719e-04
2.258917667979823244e-04
2.242021471341097249e-04
2.225886318657639121e-04
2.210473619384266712e-04
2.195747062610686935e-04
2.181672458966493018e-04
2.168217595163390800e-04
2.155352100040345230e-04
2.143047321089294017e-04
2.131276210539185460e-04
2.120013220165448500e-04
2.109234204071983520e-04
2.098916328764395144e-04
2.089037989897398232e-04
2.079578735136992137e-04
2.070519192629738815e-04
2.061841004618055037e-04
2.053526765782378064e-04
2.045559965928791125e-04
2.037924936674769092e-04
2.030606801816452439e-04
2.023591431088689037e-04
2.016865397054085312e-04
2.010415934880227799e-04
2.004230904784650271e-04
1.998298756945975107e-04
1.992608498696486546e-04
1.987149663826846585e-04
1.981912283847661908e-04
1.976886861065314338e-04
1.972064343341097838e-04
1.967436100413197701e-04
1.962993901670785624e-04
1.958729895278154653e-04
1.954636588554968209e-04
1.950706829525945840e-04
1.946933789560046930e-04
1.943310947025337992e-04
1.939832071891365369e-04
1.936491211215976712e-04
