1.184852906658877963e-01
4.635591797215087018e-02
2.038813292952473821e-02
9.934395633764523878e-03
5.294781992404319453e-03
3.052392342579161345e-03
1.884807693714043953e-03
1.235967788196233033e-03
8.542869308632741569e-04
6.183098598514937634e-04
4.659284414640040809e-04
3.637131079388946308e-04
2.928288045445971450e-04
2.422203289740259397e-04
2.051563013244254389e-04
1.774004767252697226e-04
1.562062481316731555e-04
1.397441689851012441e-04
1.267655142703598685e-04
1.163987575168711359e-04
1.080231545337620268e-04
1.011882954817180534e-04
9.556175780052385835e-05
9.089433901640129698e-05
8.699652460944097662e-05
8.372227909202398254e-05
8.095769853043618925e-05
7.861294551162111780e-05
7.661643567060934332e-05
7.491059154058990770e-05
7.344870252133845791e-05
7.219257558958049037e-05
7.111075817001131204e-05
7.017717974866711150e-05
6.937010326370197325e-05
6.867130801398163694e-05
6.806544728471166240e-05
6.753953905207866820e-05
6.708255895458019086e-05
6.668511252392522531e-05
6.633916934817311515e-05
6.603784600934731251e-05
6.577522772430196662e-05
6.554622092072199548e-05
6.534643071182153569e-05
6.517205854493751237e-05
6.501981629977764609e-05
6.488685388062315196e-05
6.477069794109820394e-05
6.466919984273184071e-05
6.458049131096865617e-05
6.450294653803240197e-05
6.443514970875249077e-05
6.437586710641842542e-05
6.432402310105376044e-05
6.427867943988080552e-05
6.423901735512213345e-05
6.420432208218999014e-05
6.417396944531683948e-05
6.414741422050782298e-05
6.412418002954132135e-05
6.410385055528255657e-05
6.408606189917780951e-05
6.407049592752279065e-05
6.405687447481605722e-05
6.404495429090307948e-05
6.403452263425598570e-05
6.402539342705885973e-05
6.401740389917162958e-05
6.401041165780703673e-05
6.400429212815310798e-05
6.399893631739107184e-05
6.399424886079602235e-05
6.399014631398622474e-05
6.398655566004571988e-05
6.398341300428086748e-05
6.398066243287235731e-05
6.397825501472182623e-05
6.397614792843759159e-05
6.397430369869936176e-05
6.397268952824354744e-05
6.397127671345709450e-05
6.397004013308005873e-05
6.396895780085042667e-05
6.396801047407299251e-05
6.396718131110953767e-05
6.396645557166363567e-05
6.396582035450496374e-05
6.396526436795018104e-05
6.396477772900521980e-05
6.396435178758372265e-05
6.396397897267045015e-05
6.396365265768744028e-05
6.396336704266240131e-05
6.396311705110402260e-05
6.396289823974455604e-05
6.396270671954594359e-05
6.396253908656173543e-05
6.396239236142551709e-05
6.396226393638855480e-05
6.396215152896490787e-05
